  Time(days)  Population
     0.00    1000000.000
     0.10    1000140.120
     0.20    1000280.252
     0.30    1000420.396
     0.40    1000560.552
     0.50    1000700.720
     0.60    1000840.900
     0.70    1000981.091
     0.80    1001121.295
     0.90    1001261.511
     1.00    1001401.738
     1.10    1001541.978
     1.20    1001682.230
     1.30    1001822.493
     1.40    1001962.769
     1.50    1002103.056
     1.60    1002243.356
     1.70    1002383.667
     1.80    1002523.991
     1.90    1002664.326
     2.00    1002804.673
     2.10    1002945.033
     2.20    1003085.404
     2.30    1003225.787
     2.40    1003366.183
     2.50    1003506.590
     2.60    1003647.009
     2.70    1003787.440
     2.80    1003927.883
     2.90    1004068.339
     3.00    1004208.806
     3.10    1004349.285
     3.20    1004489.776
     3.30    1004630.279
     3.40    1004770.794
     3.50    1004911.321
     3.60    1005051.860
     3.70    1005192.411
     3.80    1005332.975
     3.90    1005473.550
     4.00    1005614.137
     4.10    1005754.736
     4.20    1005895.347
     4.30    1006035.970
     4.40    1006176.605
     4.50    1006317.252
     4.60    1006457.911
     4.70    1006598.582
     4.80    1006739.265
     4.90    1006879.960
     5.00    1007020.667
     5.10    1007161.386
     5.20    1007302.117
     5.30    1007442.860
     5.40    1007583.615
     5.50    1007724.382
     5.60    1007865.162
     5.70    1008005.953
     5.80    1008146.756
     5.90    1008287.571
     6.00    1008428.398
     6.10    1008569.237
     6.20    1008710.088
     6.30    1008850.952
     6.40    1008991.827
     6.50    1009132.714
     6.60    1009273.613
     6.70    1009414.525
     6.80    1009555.448
     6.90    1009696.383
     7.00    1009837.331
     7.10    1009978.290
     7.20    1010119.261
     7.30    1010260.245
     7.40    1010401.240
     7.50    1010542.248
     7.60    1010683.267
     7.70    1010824.299
     7.80    1010965.342
     7.90    1011106.398
     8.00    1011247.466
     8.10    1011388.545
     8.20    1011529.637
     8.30    1011670.741
     8.40    1011811.857
     8.50    1011952.985
     8.60    1012094.125
     8.70    1012235.277
     8.80    1012376.440
     8.90    1012517.617
     9.00    1012658.805
     9.10    1012800.005
     9.20    1012941.217
     9.30    1013082.441
     9.40    1013223.677
     9.50    1013364.926
     9.60    1013506.186
     9.70    1013647.458
     9.80    1013788.743
     9.90    1013930.039
    10.00    1014071.348
    10.10    1014212.669
    10.20    1014354.001
    10.30    1014495.346
    10.40    1014636.703
    10.50    1014778.072
    10.60    1014919.453
    10.70    1015060.846
    10.80    1015202.251
    10.90    1015343.668
    11.00    1015485.097
    11.10    1015626.539
    11.20    1015767.992
    11.30    1015909.457
    11.40    1016050.935
    11.50    1016192.424
    11.60    1016333.926
    11.70    1016475.440
    11.80    1016616.965
    11.90    1016758.503
    12.00    1016900.053
    12.10    1017041.615
    12.20    1017183.189
    12.30    1017324.775
    12.40    1017466.374
    12.50    1017607.984
    12.60    1017749.606
    12.70    1017891.241
    12.80    1018032.887
    12.90    1018174.546
    13.00    1018316.217
    13.10    1018457.900
    13.20    1018599.595
    13.30    1018741.302
    13.40    1018883.021
    13.50    1019024.752
    13.60    1019166.495
    13.70    1019308.250
    13.80    1019450.018
    13.90    1019591.798
    14.00    1019733.589
    14.10    1019875.393
    14.20    1020017.209
    14.30    1020159.037
    14.40    1020300.877
    14.50    1020442.729
    14.60    1020584.593
    14.70    1020726.470
    14.80    1020868.358
    14.90    1021010.259
    15.00    1021152.171
    15.10    1021294.096
    15.20    1021436.033
    15.30    1021577.982
    15.40    1021719.943
    15.50    1021861.917
    15.60    1022003.902
    15.70    1022145.899
    15.80    1022287.909
    15.90    1022429.931
    16.00    1022571.964
    16.10    1022714.010
    16.20    1022856.068
    16.30    1022998.139
    16.40    1023140.221
    16.50    1023282.315
    16.60    1023424.422
    16.70    1023566.541
    16.80    1023708.671
    16.90    1023850.814
    17.00    1023992.969
    17.10    1024135.137
    17.20    1024277.316
    17.30    1024419.507
    17.40    1024561.711
    17.50    1024703.927
    17.60    1024846.155
    17.70    1024988.394
    17.80    1025130.647
    17.90    1025272.911
    18.00    1025415.187
    18.10    1025557.476
    18.20    1025699.776
    18.30    1025842.089
    18.40    1025984.414
    18.50    1026126.751
    18.60    1026269.101
    18.70    1026411.462
    18.80    1026553.836
    18.90    1026696.221
    19.00    1026838.619
    19.10    1026981.029
    19.20    1027123.451
    19.30    1027265.885
    19.40    1027408.332
    19.50    1027550.791
    19.60    1027693.261
    19.70    1027835.744
    19.80    1027978.239
    19.90    1028120.746
    20.00    1028263.266
    20.10    1028405.797
    20.20    1028548.341
    20.30    1028690.897
    20.40    1028833.465
    20.50    1028976.045
    20.60    1029118.638
    20.70    1029261.242
    20.80    1029403.859
    20.90    1029546.488
    21.00    1029689.129
    21.10    1029831.782
    21.20    1029974.447
    21.30    1030117.125
    21.40    1030259.815
    21.50    1030402.516
    21.60    1030545.230
    21.70    1030687.957
    21.80    1030830.695
    21.90    1030973.446
    22.00    1031116.209
    22.10    1031258.983
    22.20    1031401.771
    22.30    1031544.570
    22.40    1031687.381
    22.50    1031830.205
    22.60    1031973.041
    22.70    1032115.889
    22.80    1032258.749
    22.90    1032401.622
    23.00    1032544.506
    23.10    1032687.403
    23.20    1032830.312
    23.30    1032973.234
    23.40    1033116.167
    23.50    1033259.113
    23.60    1033402.070
    23.70    1033545.040
    23.80    1033688.023
    23.90    1033831.017
    24.00    1033974.024
    24.10    1034117.042
    24.20    1034260.073
    24.30    1034403.117
    24.40    1034546.172
    24.50    1034689.240
    24.60    1034832.319
    24.70    1034975.412
    24.80    1035118.516
    24.90    1035261.632
    25.00    1035404.761
    25.10    1035547.902
    25.20    1035691.055
    25.30    1035834.220
    25.40    1035977.398
    25.50    1036120.587
    25.60    1036263.789
    25.70    1036407.004
    25.80    1036550.230
    25.90    1036693.469
    26.00    1036836.719
    26.10    1036979.982
    26.20    1037123.258
    26.30    1037266.545
    26.40    1037409.845
    26.50    1037553.157
    26.60    1037696.481
    26.70    1037839.818
    26.80    1037983.166
    26.90    1038126.527
    27.00    1038269.900
    27.10    1038413.285
    27.20    1038556.683
    27.30    1038700.093
    27.40    1038843.515
    27.50    1038986.949
    27.60    1039130.396
    27.70    1039273.854
    27.80    1039417.325
    27.90    1039560.809
    28.00    1039704.304
    28.10    1039847.812
    28.20    1039991.332
    28.30    1040134.864
    28.40    1040278.409
    28.50    1040421.965
    28.60    1040565.534
    28.70    1040709.115
    28.80    1040852.709
    28.90    1040996.315
    29.00    1041139.933
    29.10    1041283.563
    29.20    1041427.205
    29.30    1041570.860
    29.40    1041714.527
    29.50    1041858.206
    29.60    1042001.898
    29.70    1042145.602
    29.80    1042289.318
    29.90    1042433.046
    30.00    1042576.786
    30.10    1042720.539
    30.20    1042864.304
    30.30    1043008.082
    30.40    1043151.871
    30.50    1043295.673
    30.60    1043439.487
    30.70    1043583.314
    30.80    1043727.152
    30.90    1043871.003
    31.00    1044014.867
    31.10    1044158.742
    31.20    1044302.630
    31.30    1044446.530
    31.40    1044590.442
    31.50    1044734.367
    31.60    1044878.304
    31.70    1045022.253
    31.80    1045166.215
    31.90    1045310.188
    32.00    1045454.174
    32.10    1045598.173
    32.20    1045742.183
    32.30    1045886.206
    32.40    1046030.241
    32.50    1046174.289
    32.60    1046318.349
    32.70    1046462.421
    32.80    1046606.505
    32.90    1046750.602
    33.00    1046894.711
    33.10    1047038.832
    33.20    1047182.965
    33.30    1047327.111
    33.40    1047471.269
    33.50    1047615.440
    33.60    1047759.623
    33.70    1047903.818
    33.80    1048048.025
    33.90    1048192.245
    34.00    1048336.477
    34.10    1048480.721
    34.20    1048624.977
    34.30    1048769.246
    34.40    1048913.527
    34.50    1049057.821
    34.60    1049202.127
    34.70    1049346.445
    34.80    1049490.775
    34.90    1049635.118
    35.00    1049779.473
    35.10    1049923.840
    35.20    1050068.220
    35.30    1050212.612
    35.40    1050357.016
    35.50    1050501.433
    35.60    1050645.862
    35.70    1050790.303
    35.80    1050934.757
    35.90    1051079.223
    36.00    1051223.701
    36.10    1051368.192
    36.20    1051512.695
    36.30    1051657.210
    36.40    1051801.738
    36.50    1051946.277
    36.60    1052090.830
    36.70    1052235.394
    36.80    1052379.971
    36.90    1052524.561
    37.00    1052669.162
    37.10    1052813.776
    37.20    1052958.402
    37.30    1053103.041
    37.40    1053247.692
    37.50    1053392.355
    37.60    1053537.031
    37.70    1053681.719
    37.80    1053826.419
    37.90    1053971.132
    38.00    1054115.857
    38.10    1054260.594
    38.20    1054405.344
    38.30    1054550.106
    38.40    1054694.880
    38.50    1054839.667
    38.60    1054984.466
    38.70    1055129.278
    38.80    1055274.102
    38.90    1055418.938
    39.00    1055563.786
    39.10    1055708.647
    39.20    1055853.521
    39.30    1055998.406
    39.40    1056143.304
    39.50    1056288.214
    39.60    1056433.137
    39.70    1056578.072
    39.80    1056723.020
    39.90    1056867.980
    40.00    1057012.952
    40.10    1057157.936
    40.20    1057302.933
    40.30    1057447.943
    40.40    1057592.964
    40.50    1057737.998
    40.60    1057883.045
    40.70    1058028.103
    40.80    1058173.175
    40.90    1058318.258
    41.00    1058463.354
    41.10    1058608.462
    41.20    1058753.583
    41.30    1058898.716
    41.40    1059043.862
    41.50    1059189.019
    41.60    1059334.190
    41.70    1059479.372
    41.80    1059624.567
    41.90    1059769.775
    42.00    1059914.995
    42.10    1060060.227
    42.20    1060205.471
    42.30    1060350.728
    42.40    1060495.998
    42.50    1060641.279
    42.60    1060786.573
    42.70    1060931.880
    42.80    1061077.199
    42.90    1061222.530
    43.00    1061367.874
    43.10    1061513.230
    43.20    1061658.599
    43.30    1061803.980
    43.40    1061949.373
    43.50    1062094.779
    43.60    1062240.197
    43.70    1062385.627
    43.80    1062531.070
    43.90    1062676.526
    44.00    1062821.994
    44.10    1062967.474
    44.20    1063112.966
    44.30    1063258.471
    44.40    1063403.989
    44.50    1063549.519
    44.60    1063695.061
    44.70    1063840.616
    44.80    1063986.183
    44.90    1064131.762
    45.00    1064277.354
    45.10    1064422.959
    45.20    1064568.575
    45.30    1064714.205
    45.40    1064859.846
    45.50    1065005.500
    45.60    1065151.167
    45.70    1065296.846
    45.80    1065442.537
    45.90    1065588.241
    46.00    1065733.957
    46.10    1065879.686
    46.20    1066025.427
    46.30    1066171.180
    46.40    1066316.946
    46.50    1066462.725
    46.60    1066608.516
    46.70    1066754.319
    46.80    1066900.135
    46.90    1067045.963
    47.00    1067191.803
    47.10    1067337.657
    47.20    1067483.522
    47.30    1067629.400
    47.40    1067775.290
    47.50    1067921.193
    47.60    1068067.108
    47.70    1068213.036
    47.80    1068358.976
    47.90    1068504.929
    48.00    1068650.894
    48.10    1068796.872
    48.20    1068942.862
    48.30    1069088.864
    48.40    1069234.879
    48.50    1069380.906
    48.60    1069526.946
    48.70    1069672.999
    48.80    1069819.063
    48.90    1069965.140
    49.00    1070111.230
    49.10    1070257.332
    49.20    1070403.447
    49.30    1070549.574
    49.40    1070695.714
    49.50    1070841.866
    49.60    1070988.030
    49.70    1071134.207
    49.80    1071280.396
    49.90    1071426.598
    50.00    1071572.813
    50.10    1071719.040
    50.20    1071865.279
    50.30    1072011.531
    50.40    1072157.795
    50.50    1072304.072
    50.60    1072450.361
    50.70    1072596.663
    50.80    1072742.977
    50.90    1072889.304
    51.00    1073035.643
    51.10    1073181.994
    51.20    1073328.359
    51.30    1073474.735
    51.40    1073621.124
    51.50    1073767.526
    51.60    1073913.940
    51.70    1074060.367
    51.80    1074206.806
    51.90    1074353.257
    52.00    1074499.721
    52.10    1074646.198
    52.20    1074792.687
    52.30    1074939.189
    52.40    1075085.703
    52.50    1075232.229
    52.60    1075378.768
    52.70    1075525.320
    52.80    1075671.884
    52.90    1075818.461
    53.00    1075965.050
    53.10    1076111.651
    53.20    1076258.266
    53.30    1076404.892
    53.40    1076551.531
    53.50    1076698.183
    53.60    1076844.847
    53.70    1076991.524
    53.80    1077138.213
    53.90    1077284.915
    54.00    1077431.629
    54.10    1077578.356
    54.20    1077725.095
    54.30    1077871.847
    54.40    1078018.611
    54.50    1078165.388
    54.60    1078312.177
    54.70    1078458.979
    54.80    1078605.794
    54.90    1078752.620
    55.00    1078899.460
    55.10    1079046.312
    55.20    1079193.176
    55.30    1079340.053
    55.40    1079486.943
    55.50    1079633.845
    55.60    1079780.760
    55.70    1079927.687
    55.80    1080074.627
    55.90    1080221.579
    56.00    1080368.544
    56.10    1080515.521
    56.20    1080662.511
    56.30    1080809.513
    56.40    1080956.528
    56.50    1081103.556
    56.60    1081250.596
    56.70    1081397.648
    56.80    1081544.714
    56.90    1081691.791
    57.00    1081838.881
    57.10    1081985.984
    57.20    1082133.100
    57.30    1082280.227
    57.40    1082427.368
    57.50    1082574.521
    57.60    1082721.686
    57.70    1082868.865
    57.80    1083016.055
    57.90    1083163.258
    58.00    1083310.474
    58.10    1083457.703
    58.20    1083604.943
    58.30    1083752.197
    58.40    1083899.463
    58.50    1084046.742
    58.60    1084194.033
    58.70    1084341.336
    58.80    1084488.653
    58.90    1084635.982
    59.00    1084783.323
    59.10    1084930.677
    59.20    1085078.044
    59.30    1085225.423
    59.40    1085372.815
    59.50    1085520.219
    59.60    1085667.636
    59.70    1085815.065
    59.80    1085962.507
    59.90    1086109.962
    60.00    1086257.429
    60.10    1086404.909
    60.20    1086552.401
    60.30    1086699.906
    60.40    1086847.424
    60.50    1086994.954
    60.60    1087142.497
    60.70    1087290.052
    60.80    1087437.620
    60.90    1087585.200
    61.00    1087732.793
    61.10    1087880.399
    61.20    1088028.017
    61.30    1088175.648
    61.40    1088323.292
    61.50    1088470.948
    61.60    1088618.616
    61.70    1088766.298
    61.80    1088913.991
    61.90    1089061.698
    62.00    1089209.417
    62.10    1089357.149
    62.20    1089504.893
    62.30    1089652.650
    62.40    1089800.419
    62.50    1089948.201
    62.60    1090095.996
    62.70    1090243.803
    62.80    1090391.623
    62.90    1090539.456
    63.00    1090687.301
    63.10    1090835.159
    63.20    1090983.029
    63.30    1091130.912
    63.40    1091278.808
    63.50    1091426.716
    63.60    1091574.637
    63.70    1091722.570
    63.80    1091870.516
    63.90    1092018.475
    64.00    1092166.446
    64.10    1092314.430
    64.20    1092462.427
    64.30    1092610.436
    64.40    1092758.458
    64.50    1092906.492
    64.60    1093054.540
    64.70    1093202.599
    64.80    1093350.672
    64.90    1093498.757
    65.00    1093646.854
    65.10    1093794.965
    65.20    1093943.088
    65.30    1094091.223
    65.40    1094239.371
    65.50    1094387.532
    65.60    1094535.706
    65.70    1094683.892
    65.80    1094832.090
    65.90    1094980.302
    66.00    1095128.526
    66.10    1095276.763
    66.20    1095425.012
    66.30    1095573.274
    66.40    1095721.549
    66.50    1095869.836
    66.60    1096018.136
    66.70    1096166.448
    66.80    1096314.774
    66.90    1096463.112
    67.00    1096611.462
    67.10    1096759.825
    67.20    1096908.201
    67.30    1097056.590
    67.40    1097204.991
    67.50    1097353.405
    67.60    1097501.832
    67.70    1097650.271
    67.80    1097798.723
    67.90    1097947.187
    68.00    1098095.664
    68.10    1098244.154
    68.20    1098392.657
    68.30    1098541.172
    68.40    1098689.700
    68.50    1098838.240
    68.60    1098986.794
    68.70    1099135.359
    68.80    1099283.938
    68.90    1099432.529
    69.00    1099581.133
    69.10    1099729.750
    69.20    1099878.379
    69.30    1100027.021
    69.40    1100175.676
    69.50    1100324.343
    69.60    1100473.023
    69.70    1100621.716
    69.80    1100770.421
    69.90    1100919.139
    70.00    1101067.870
    70.10    1101216.614
    70.20    1101365.370
    70.30    1101514.139
    70.40    1101662.920
    70.50    1101811.714
    70.60    1101960.521
    70.70    1102109.341
    70.80    1102258.173
    70.90    1102407.018
    71.00    1102555.876
    71.10    1102704.746
    71.20    1102853.629
    71.30    1103002.525
    71.40    1103151.434
    71.50    1103300.355
    71.60    1103449.289
    71.70    1103598.236
    71.80    1103747.195
    71.90    1103896.167
    72.00    1104045.152
    72.10    1104194.149
    72.20    1104343.160
    72.30    1104492.182
    72.40    1104641.218
    72.50    1104790.266
    72.60    1104939.328
    72.70    1105088.401
    72.80    1105237.488
    72.90    1105386.587
    73.00    1105535.699
    73.10    1105684.824
    73.20    1105833.961
    73.30    1105983.111
    73.40    1106132.274
    73.50    1106281.450
    73.60    1106430.638
    73.70    1106579.839
    73.80    1106729.053
    73.90    1106878.279
    74.00    1107027.518
    74.10    1107176.770
    74.20    1107326.035
    74.30    1107475.313
    74.40    1107624.603
    74.50    1107773.906
    74.60    1107923.221
    74.70    1108072.550
    74.80    1108221.891
    74.90    1108371.245
    75.00    1108520.611
    75.10    1108669.991
    75.20    1108819.383
    75.30    1108968.788
    75.40    1109118.205
    75.50    1109267.635
    75.60    1109417.079
    75.70    1109566.534
    75.80    1109716.003
    75.90    1109865.484
    76.00    1110014.978
    76.10    1110164.485
    76.20    1110314.005
    76.30    1110463.537
    76.40    1110613.082
    76.50    1110762.640
    76.60    1110912.211
    76.70    1111061.794
    76.80    1111211.391
    76.90    1111360.999
    77.00    1111510.621
    77.10    1111660.256
    77.20    1111809.903
    77.30    1111959.563
    77.40    1112109.236
    77.50    1112258.921
    77.60    1112408.620
    77.70    1112558.331
    77.80    1112708.055
    77.90    1112857.791
    78.00    1113007.541
    78.10    1113157.303
    78.20    1113307.078
    78.30    1113456.865
    78.40    1113606.666
    78.50    1113756.479
    78.60    1113906.305
    78.70    1114056.144
    78.80    1114205.996
    78.90    1114355.860
    79.00    1114505.738
    79.10    1114655.628
    79.20    1114805.530
    79.30    1114955.446
    79.40    1115105.374
    79.50    1115255.316
    79.60    1115405.270
    79.70    1115555.236
    79.80    1115705.216
    79.90    1115855.208
    80.00    1116005.214
    80.10    1116155.232
    80.20    1116305.262
    80.30    1116455.306
    80.40    1116605.362
    80.50    1116755.431
    80.60    1116905.513
    80.70    1117055.608
    80.80    1117205.716
    80.90    1117355.836
    81.00    1117505.969
    81.10    1117656.115
    81.20    1117806.274
    81.30    1117956.446
    81.40    1118106.630
    81.50    1118256.827
    81.60    1118407.038
    81.70    1118557.260
    81.80    1118707.496
    81.90    1118857.745
    82.00    1119008.006
    82.10    1119158.280
    82.20    1119308.567
    82.30    1119458.867
    82.40    1119609.180
    82.50    1119759.505
    82.60    1119909.843
    82.70    1120060.195
    82.80    1120210.559
    82.90    1120360.935
    83.00    1120511.325
    83.10    1120661.727
    83.20    1120812.143
    83.30    1120962.571
    83.40    1121113.012
    83.50    1121263.465
    83.60    1121413.932
    83.70    1121564.412
    83.80    1121714.904
    83.90    1121865.409
    84.00    1122015.927
    84.10    1122166.458
    84.20    1122317.001
    84.30    1122467.558
    84.40    1122618.127
    84.50    1122768.709
    84.60    1122919.304
    84.70    1123069.912
    84.80    1123220.533
    84.90    1123371.167
    85.00    1123521.813
    85.10    1123672.472
    85.20    1123823.145
    85.30    1123973.830
    85.40    1124124.528
    85.50    1124275.238
    85.60    1124425.962
    85.70    1124576.698
    85.80    1124727.448
    85.90    1124878.210
    86.00    1125028.985
    86.10    1125179.773
    86.20    1125330.573
    86.30    1125481.387
    86.40    1125632.214
    86.50    1125783.053
    86.60    1125933.905
    86.70    1126084.770
    86.80    1126235.648
    86.90    1126386.539
    87.00    1126537.443
    87.10    1126688.360
    87.20    1126839.289
    87.30    1126990.231
    87.40    1127141.187
    87.50    1127292.155
    87.60    1127443.136
    87.70    1127594.130
    87.80    1127745.136
    87.90    1127896.156
    88.00    1128047.189
    88.10    1128198.234
    88.20    1128349.292
    88.30    1128500.364
    88.40    1128651.448
    88.50    1128802.545
    88.60    1128953.654
    88.70    1129104.777
    88.80    1129255.913
    88.90    1129407.061
    89.00    1129558.223
    89.10    1129709.397
    89.20    1129860.584
    89.30    1130011.785
    89.40    1130162.998
    89.50    1130314.224
    89.60    1130465.463
    89.70    1130616.714
    89.80    1130767.979
    89.90    1130919.256
    90.00    1131070.547
    90.10    1131221.850
    90.20    1131373.167
    90.30    1131524.496
    90.40    1131675.838
    90.50    1131827.193
    90.60    1131978.561
    90.70    1132129.942
    90.80    1132281.336
    90.90    1132432.742
    91.00    1132584.162
    91.10    1132735.594
    91.20    1132887.040
    91.30    1133038.498
    91.40    1133189.970
    91.50    1133341.454
    91.60    1133492.951
    91.70    1133644.461
    91.80    1133795.984
    91.90    1133947.520
    92.00    1134099.069
    92.10    1134250.631
    92.20    1134402.205
    92.30    1134553.793
    92.40    1134705.394
    92.50    1134857.007
    92.60    1135008.634
    92.70    1135160.273
    92.80    1135311.925
    92.90    1135463.591
    93.00    1135615.269
    93.10    1135766.960
    93.20    1135918.664
    93.30    1136070.381
    93.40    1136222.111
    93.50    1136373.854
    93.60    1136525.610
    93.70    1136677.379
    93.80    1136829.160
    93.90    1136980.955
    94.00    1137132.763
    94.10    1137284.584
    94.20    1137436.417
    94.30    1137588.264
    94.40    1137740.123
    94.50    1137891.996
    94.60    1138043.881
    94.70    1138195.779
    94.80    1138347.691
    94.90    1138499.615
    95.00    1138651.552
    95.10    1138803.502
    95.20    1138955.466
    95.30    1139107.442
    95.40    1139259.431
    95.50    1139411.433
    95.60    1139563.448
    95.70    1139715.476
    95.80    1139867.517
    95.90    1140019.571
    96.00    1140171.638
    96.10    1140323.718
    96.20    1140475.811
    96.30    1140627.917
    96.40    1140780.036
    96.50    1140932.167
    96.60    1141084.312
    96.70    1141236.470
    96.80    1141388.641
    96.90    1141540.825
    97.00    1141693.021
    97.10    1141845.231
    97.20    1141997.454
    97.30    1142149.689
    97.40    1142301.938
    97.50    1142454.200
    97.60    1142606.474
    97.70    1142758.762
    97.80    1142911.063
    97.90    1143063.376
    98.00    1143215.703
    98.10    1143368.043
    98.20    1143520.395
    98.30    1143672.761
    98.40    1143825.140
    98.50    1143977.531
    98.60    1144129.936
    98.70    1144282.354
    98.80    1144434.784
    98.90    1144587.228
    99.00    1144739.685
    99.10    1144892.154
    99.20    1145044.637
    99.30    1145197.133
    99.40    1145349.641
    99.50    1145502.163
    99.60    1145654.698
    99.70    1145807.246
    99.80    1145959.806
    99.90    1146112.380
   100.00    1146264.967
   100.10    1146417.567
   100.20    1146570.180
   100.30    1146722.806
   100.40    1146875.444
   100.50    1147028.096
   100.60    1147180.761
   100.70    1147333.439
   100.80    1147486.130
   100.90    1147638.834
   101.00    1147791.551
   101.10    1147944.281
   101.20    1148097.024
   101.30    1148249.781
   101.40    1148402.550
   101.50    1148555.332
   101.60    1148708.127
   101.70    1148860.936
   101.80    1149013.757
   101.90    1149166.591
   102.00    1149319.439
   102.10    1149472.299
   102.20    1149625.173
   102.30    1149778.059
   102.40    1149930.959
   102.50    1150083.871
   102.60    1150236.797
   102.70    1150389.736
   102.80    1150542.687
   102.90    1150695.652
   103.00    1150848.630
   103.10    1151001.621
   103.20    1151154.625
   103.30    1151307.642
   103.40    1151460.672
   103.50    1151613.715
   103.60    1151766.771
   103.70    1151919.841
   103.80    1152072.923
   103.90    1152226.018
   104.00    1152379.127
   104.10    1152532.248
   104.20    1152685.383
   104.30    1152838.530
   104.40    1152991.691
   104.50    1153144.865
   104.60    1153298.052
   104.70    1153451.252
   104.80    1153604.465
   104.90    1153757.691
   105.00    1153910.930
   105.10    1154064.182
   105.20    1154217.447
   105.30    1154370.726
   105.40    1154524.017
   105.50    1154677.322
   105.60    1154830.639
   105.70    1154983.970
   105.80    1155137.314
   105.90    1155290.670
   106.00    1155444.040
   106.10    1155597.423
   106.20    1155750.819
   106.30    1155904.229
   106.40    1156057.651
   106.50    1156211.086
   106.60    1156364.535
   106.70    1156517.996
   106.80    1156671.471
   106.90    1156824.959
   107.00    1156978.460
   107.10    1157131.973
   107.20    1157285.500
   107.30    1157439.041
   107.40    1157592.594
   107.50    1157746.160
   107.60    1157899.740
   107.70    1158053.332
   107.80    1158206.938
   107.90    1158360.557
   108.00    1158514.188
   108.10    1158667.833
   108.20    1158821.491
   108.30    1158975.163
   108.40    1159128.847
   108.50    1159282.544
   108.60    1159436.255
   108.70    1159589.978
   108.80    1159743.715
   108.90    1159897.465
   109.00    1160051.228
   109.10    1160205.004
   109.20    1160358.793
   109.30    1160512.596
   109.40    1160666.411
   109.50    1160820.240
   109.60    1160974.082
   109.70    1161127.936
   109.80    1161281.804
   109.90    1161435.686
   110.00    1161589.580
   110.10    1161743.487
   110.20    1161897.408
   110.30    1162051.341
   110.40    1162205.288
   110.50    1162359.248
   110.60    1162513.221
   110.70    1162667.207
   110.80    1162821.206
   110.90    1162975.219
   111.00    1163129.245
   111.10    1163283.283
   111.20    1163437.335
   111.30    1163591.400
   111.40    1163745.478
   111.50    1163899.570
   111.60    1164053.674
   111.70    1164207.792
   111.80    1164361.922
   111.90    1164516.066
   112.00    1164670.223
   112.10    1164824.394
   112.20    1164978.577
   112.30    1165132.774
   112.40    1165286.983
   112.50    1165441.206
   112.60    1165595.442
   112.70    1165749.691
   112.80    1165903.954
   112.90    1166058.229
   113.00    1166212.518
   113.10    1166366.820
   113.20    1166521.134
   113.30    1166675.463
   113.40    1166829.804
   113.50    1166984.158
   113.60    1167138.526
   113.70    1167292.907
   113.80    1167447.301
   113.90    1167601.708
   114.00    1167756.128
   114.10    1167910.562
   114.20    1168065.009
   114.30    1168219.468
   114.40    1168373.942
   114.50    1168528.428
   114.60    1168682.927
   114.70    1168837.440
   114.80    1168991.966
   114.90    1169146.504
   115.00    1169301.057
   115.10    1169455.622
   115.20    1169610.200
   115.30    1169764.792
   115.40    1169919.397
   115.50    1170074.015
   115.60    1170228.646
   115.70    1170383.291
   115.80    1170537.949
   115.90    1170692.620
   116.00    1170847.304
   116.10    1171002.001
   116.20    1171156.711
   116.30    1171311.435
   116.40    1171466.172
   116.50    1171620.922
   116.60    1171775.685
   116.70    1171930.462
   116.80    1172085.251
   116.90    1172240.054
   117.00    1172394.870
   117.10    1172549.700
   117.20    1172704.542
   117.30    1172859.398
   117.40    1173014.267
   117.50    1173169.149
   117.60    1173324.044
   117.70    1173478.953
   117.80    1173633.875
   117.90    1173788.810
   118.00    1173943.758
   118.10    1174098.720
   118.20    1174253.694
   118.30    1174408.682
   118.40    1174563.683
   118.50    1174718.698
   118.60    1174873.725
   118.70    1175028.766
   118.80    1175183.820
   118.90    1175338.887
   119.00    1175493.968
   119.10    1175649.062
   119.20    1175804.168
   119.30    1175959.289
   119.40    1176114.422
   119.50    1176269.569
   119.60    1176424.729
   119.70    1176579.902
   119.80    1176735.088
   119.90    1176890.288
   120.00    1177045.501
   120.10    1177200.727
   120.20    1177355.966
   120.30    1177511.219
   120.40    1177666.485
   120.50    1177821.764
   120.60    1177977.056
   120.70    1178132.362
   120.80    1178287.681
   120.90    1178443.013
   121.00    1178598.358
   121.10    1178753.717
   121.20    1178909.089
   121.30    1179064.474
   121.40    1179219.872
   121.50    1179375.284
   121.60    1179530.709
   121.70    1179686.147
   121.80    1179841.598
   121.90    1179997.063
   122.00    1180152.541
   122.10    1180308.032
   122.20    1180463.536
   122.30    1180619.054
   122.40    1180774.585
   122.50    1180930.130
   122.60    1181085.687
   122.70    1181241.258
   122.80    1181396.842
   122.90    1181552.439
   123.00    1181708.050
   123.10    1181863.674
   123.20    1182019.311
   123.30    1182174.962
   123.40    1182330.626
   123.50    1182486.303
   123.60    1182641.993
   123.70    1182797.697
   123.80    1182953.413
   123.90    1183109.144
   124.00    1183264.887
   124.10    1183420.644
   124.20    1183576.414
   124.30    1183732.197
   124.40    1183887.994
   124.50    1184043.804
   124.60    1184199.627
   124.70    1184355.464
   124.80    1184511.314
   124.90    1184667.177
   125.00    1184823.053
   125.10    1184978.943
   125.20    1185134.846
   125.30    1185290.762
   125.40    1185446.692
   125.50    1185602.635
   125.60    1185758.591
   125.70    1185914.560
   125.80    1186070.543
   125.90    1186226.539
   126.00    1186382.549
   126.10    1186538.572
   126.20    1186694.608
   126.30    1186850.657
   126.40    1187006.720
   126.50    1187162.796
   126.60    1187318.885
   126.70    1187474.988
   126.80    1187631.104
   126.90    1187787.233
   127.00    1187943.376
   127.10    1188099.532
   127.20    1188255.701
   127.30    1188411.884
   127.40    1188568.080
   127.50    1188724.289
   127.60    1188880.512
   127.70    1189036.747
   127.80    1189192.997
   127.90    1189349.259
   128.00    1189505.535
   128.10    1189661.824
   128.20    1189818.127
   128.30    1189974.443
   128.40    1190130.772
   128.50    1190287.115
   128.60    1190443.471
   128.70    1190599.840
   128.80    1190756.223
   128.90    1190912.619
   129.00    1191069.028
   129.10    1191225.451
   129.20    1191381.887
   129.30    1191538.336
   129.40    1191694.799
   129.50    1191851.275
   129.60    1192007.764
   129.70    1192164.267
   129.80    1192320.783
   129.90    1192477.312
   130.00    1192633.855
   130.10    1192790.411
   130.20    1192946.981
   130.30    1193103.564
   130.40    1193260.160
   130.50    1193416.770
   130.60    1193573.392
   130.70    1193730.029
   130.80    1193886.678
   130.90    1194043.342
   131.00    1194200.018
   131.10    1194356.708
   131.20    1194513.411
   131.30    1194670.127
   131.40    1194826.857
   131.50    1194983.601
   131.60    1195140.357
   131.70    1195297.127
   131.80    1195453.911
   131.90    1195610.707
   132.00    1195767.518
   132.10    1195924.341
   132.20    1196081.178
   132.30    1196238.028
   132.40    1196394.892
   132.50    1196551.769
   132.60    1196708.660
   132.70    1196865.563
   132.80    1197022.481
   132.90    1197179.411
   133.00    1197336.355
   133.10    1197493.313
   133.20    1197650.283
   133.30    1197807.268
   133.40    1197964.265
   133.50    1198121.276
   133.60    1198278.301
   133.70    1198435.338
   133.80    1198592.390
   133.90    1198749.454
   134.00    1198906.532
   134.10    1199063.623
   134.20    1199220.728
   134.30    1199377.846
   134.40    1199534.978
   134.50    1199692.123
   134.60    1199849.281
   134.70    1200006.453
   134.80    1200163.638
   134.90    1200320.837
   135.00    1200478.049
   135.10    1200635.274
   135.20    1200792.513
   135.30    1200949.766
   135.40    1201107.031
   135.50    1201264.310
   135.60    1201421.603
   135.70    1201578.909
   135.80    1201736.228
   135.90    1201893.561
   136.00    1202050.907
   136.10    1202208.267
   136.20    1202365.640
   136.30    1202523.027
   136.40    1202680.427
   136.50    1202837.840
   136.60    1202995.267
   136.70    1203152.707
   136.80    1203310.161
   136.90    1203467.628
   137.00    1203625.108
   137.10    1203782.602
   137.20    1203940.110
   137.30    1204097.630
   137.40    1204255.165
   137.50    1204412.712
   137.60    1204570.274
   137.70    1204727.848
   137.80    1204885.436
   137.90    1205043.038
   138.00    1205200.653
   138.10    1205358.281
   138.20    1205515.923
   138.30    1205673.578
   138.40    1205831.247
   138.50    1205988.929
   138.60    1206146.625
   138.70    1206304.334
   138.80    1206462.057
   138.90    1206619.793
   139.00    1206777.542
   139.10    1206935.305
   139.20    1207093.082
   139.30    1207250.871
   139.40    1207408.675
   139.50    1207566.492
   139.60    1207724.322
   139.70    1207882.166
   139.80    1208040.023
   139.90    1208197.893
   140.00    1208355.778
   140.10    1208513.675
   140.20    1208671.586
   140.30    1208829.511
   140.40    1208987.449
   140.50    1209145.400
   140.60    1209303.365
   140.70    1209461.344
   140.80    1209619.336
   140.90    1209777.341
   141.00    1209935.360
   141.10    1210093.392
   141.20    1210251.438
   141.30    1210409.498
   141.40    1210567.570
   141.50    1210725.657
   141.60    1210883.757
   141.70    1211041.870
   141.80    1211199.997
   141.90    1211358.137
   142.00    1211516.291
   142.10    1211674.458
   142.20    1211832.639
   142.30    1211990.833
   142.40    1212149.041
   142.50    1212307.262
   142.60    1212465.497
   142.70    1212623.745
   142.80    1212782.007
   142.90    1212940.282
   143.00    1213098.571
   143.10    1213256.873
   143.20    1213415.189
   143.30    1213573.518
   143.40    1213731.861
   143.50    1213890.217
   143.60    1214048.587
   143.70    1214206.971
   143.80    1214365.367
   143.90    1214523.778
   144.00    1214682.202
   144.10    1214840.639
   144.20    1214999.090
   144.30    1215157.554
   144.40    1215316.032
   144.50    1215474.524
   144.60    1215633.029
   144.70    1215791.547
   144.80    1215950.079
   144.90    1216108.625
   145.00    1216267.184
   145.10    1216425.757
   145.20    1216584.343
   145.30    1216742.943
   145.40    1216901.556
   145.50    1217060.183
   145.60    1217218.823
   145.70    1217377.477
   145.80    1217536.144
   145.90    1217694.825
   146.00    1217853.519
   146.10    1218012.227
   146.20    1218170.949
   146.30    1218329.684
   146.40    1218488.433
   146.50    1218647.195
   146.60    1218805.970
   146.70    1218964.760
   146.80    1219123.562
   146.90    1219282.379
   147.00    1219441.209
   147.10    1219600.052
   147.20    1219758.909
   147.30    1219917.780
   147.40    1220076.664
   147.50    1220235.562
   147.60    1220394.473
   147.70    1220553.398
   147.80    1220712.336
   147.90    1220871.288
   148.00    1221030.253
   148.10    1221189.232
   148.20    1221348.225
   148.30    1221507.231
   148.40    1221666.251
   148.50    1221825.284
   148.60    1221984.331
   148.70    1222143.391
   148.80    1222302.465
   148.90    1222461.553
   149.00    1222620.654
   149.10    1222779.769
   149.20    1222938.897
   149.30    1223098.039
   149.40    1223257.195
   149.50    1223416.364
   149.60    1223575.546
   149.70    1223734.742
   149.80    1223893.952
   149.90    1224053.176
   150.00    1224212.413
   150.10    1224371.663
   150.20    1224530.927
   150.30    1224690.205
   150.40    1224849.496
   150.50    1225008.801
   150.60    1225168.120
   150.70    1225327.452
   150.80    1225486.797
   150.90    1225646.157
   151.00    1225805.530
   151.10    1225964.916
   151.20    1226124.316
   151.30    1226283.730
   151.40    1226443.157
   151.50    1226602.598
   151.60    1226762.052
   151.70    1226921.521
   151.80    1227081.002
   151.90    1227240.498
   152.00    1227400.006
   152.10    1227559.529
   152.20    1227719.065
   152.30    1227878.615
   152.40    1228038.178
   152.50    1228197.755
   152.60    1228357.346
   152.70    1228516.950
   152.80    1228676.568
   152.90    1228836.199
   153.00    1228995.844
   153.10    1229155.503
   153.20    1229315.175
   153.30    1229474.861
   153.40    1229634.561
   153.50    1229794.274
   153.60    1229954.001
   153.70    1230113.741
   153.80    1230273.495
   153.90    1230433.263
   154.00    1230593.044
   154.10    1230752.839
   154.20    1230912.648
   154.30    1231072.470
   154.40    1231232.306
   154.50    1231392.155
   154.60    1231552.019
   154.70    1231711.895
   154.80    1231871.786
   154.90    1232031.690
   155.00    1232191.608
   155.10    1232351.539
   155.20    1232511.484
   155.30    1232671.443
   155.40    1232831.415
   155.50    1232991.401
   155.60    1233151.400
   155.70    1233311.414
   155.80    1233471.441
   155.90    1233631.481
   156.00    1233791.535
   156.10    1233951.603
   156.20    1234111.685
   156.30    1234271.780
   156.40    1234431.889
   156.50    1234592.011
   156.60    1234752.147
   156.70    1234912.297
   156.80    1235072.461
   156.90    1235232.638
   157.00    1235392.829
   157.10    1235553.033
   157.20    1235713.251
   157.30    1235873.483
   157.40    1236033.729
   157.50    1236193.988
   157.60    1236354.261
   157.70    1236514.547
   157.80    1236674.848
   157.90    1236835.161
   158.00    1236995.489
   158.10    1237155.830
   158.20    1237316.185
   158.30    1237476.554
   158.40    1237636.936
   158.50    1237797.332
   158.60    1237957.742
   158.70    1238118.165
   158.80    1238278.602
   158.90    1238439.053
   159.00    1238599.517
   159.10    1238759.995
   159.20    1238920.487
   159.30    1239080.992
   159.40    1239241.512
   159.50    1239402.045
   159.60    1239562.591
   159.70    1239723.151
   159.80    1239883.725
   159.90    1240044.313
   160.00    1240204.914
   160.10    1240365.529
   160.20    1240526.158
   160.30    1240686.801
   160.40    1240847.457
   160.50    1241008.127
   160.60    1241168.810
   160.70    1241329.508
   160.80    1241490.219
   160.90    1241650.944
   161.00    1241811.682
   161.10    1241972.434
   161.20    1242133.200
   161.30    1242293.980
   161.40    1242454.773
   161.50    1242615.580
   161.60    1242776.401
   161.70    1242937.235
   161.80    1243098.083
   161.90    1243258.945
   162.00    1243419.821
   162.10    1243580.710
   162.20    1243741.614
   162.30    1243902.530
   162.40    1244063.461
   162.50    1244224.405
   162.60    1244385.363
   162.70    1244546.335
   162.80    1244707.321
   162.90    1244868.320
   163.00    1245029.333
   163.10    1245190.360
   163.20    1245351.400
   163.30    1245512.454
   163.40    1245673.522
   163.50    1245834.604
   163.60    1245995.699
   163.70    1246156.808
   163.80    1246317.931
   163.90    1246479.068
   164.00    1246640.218
   164.10    1246801.382
   164.20    1246962.560
   164.30    1247123.752
   164.40    1247284.957
   164.50    1247446.177
   164.60    1247607.410
   164.70    1247768.656
   164.80    1247929.917
   164.90    1248091.191
   165.00    1248252.479
   165.10    1248413.781
   165.20    1248575.096
   165.30    1248736.425
   165.40    1248897.768
   165.50    1249059.125
   165.60    1249220.496
   165.70    1249381.880
   165.80    1249543.278
   165.90    1249704.690
   166.00    1249866.115
   166.10    1250027.555
   166.20    1250189.008
   166.30    1250350.475
   166.40    1250511.956
   166.50    1250673.450
   166.60    1250834.959
   166.70    1250996.481
   166.80    1251158.016
   166.90    1251319.566
   167.00    1251481.130
   167.10    1251642.707
   167.20    1251804.298
   167.30    1251965.902
   167.40    1252127.521
   167.50    1252289.153
   167.60    1252450.800
   167.70    1252612.459
   167.80    1252774.133
   167.90    1252935.821
   168.00    1253097.522
   168.10    1253259.237
   168.20    1253420.966
   168.30    1253582.709
   168.40    1253744.465
   168.50    1253906.236
   168.60    1254068.020
   168.70    1254229.818
   168.80    1254391.629
   168.90    1254553.455
   169.00    1254715.294
   169.10    1254877.147
   169.20    1255039.014
   169.30    1255200.895
   169.40    1255362.790
   169.50    1255524.698
   169.60    1255686.620
   169.70    1255848.556
   169.80    1256010.506
   169.90    1256172.470
   170.00    1256334.447
   170.10    1256496.439
   170.20    1256658.444
   170.30    1256820.463
   170.40    1256982.495
   170.50    1257144.542
   170.60    1257306.602
   170.70    1257468.677
   170.80    1257630.765
   170.90    1257792.867
   171.00    1257954.982
   171.10    1258117.112
   171.20    1258279.255
   171.30    1258441.413
   171.40    1258603.584
   171.50    1258765.769
   171.60    1258927.967
   171.70    1259090.180
   171.80    1259252.406
   171.90    1259414.647
   172.00    1259576.901
   172.10    1259739.169
   172.20    1259901.450
   172.30    1260063.746
   172.40    1260226.056
   172.50    1260388.379
   172.60    1260550.716
   172.70    1260713.067
   172.80    1260875.432
   172.90    1261037.811
   173.00    1261200.203
   173.10    1261362.610
   173.20    1261525.030
   173.30    1261687.464
   173.40    1261849.912
   173.50    1262012.374
   173.60    1262174.850
   173.70    1262337.340
   173.80    1262499.843
   173.90    1262662.361
   174.00    1262824.892
   174.10    1262987.437
   174.20    1263149.996
   174.30    1263312.569
   174.40    1263475.155
   174.50    1263637.756
   174.60    1263800.370
   174.70    1263962.999
   174.80    1264125.641
   174.90    1264288.297
   175.00    1264450.967
   175.10    1264613.651
   175.20    1264776.348
   175.30    1264939.060
   175.40    1265101.785
   175.50    1265264.525
   175.60    1265427.278
   175.70    1265590.045
   175.80    1265752.826
   175.90    1265915.621
   176.00    1266078.430
   176.10    1266241.253
   176.20    1266404.089
   176.30    1266566.940
   176.40    1266729.804
   176.50    1266892.682
   176.60    1267055.574
   176.70    1267218.481
   176.80    1267381.400
   176.90    1267544.334
   177.00    1267707.282
   177.10    1267870.244
   177.20    1268033.219
   177.30    1268196.209
   177.40    1268359.212
   177.50    1268522.230
   177.60    1268685.261
   177.70    1268848.306
   177.80    1269011.365
   177.90    1269174.438
   178.00    1269337.525
   178.10    1269500.625
   178.20    1269663.740
   178.30    1269826.869
   178.40    1269990.011
   178.50    1270153.168
   178.60    1270316.338
   178.70    1270479.522
   178.80    1270642.720
   178.90    1270805.933
   179.00    1270969.159
   179.10    1271132.399
   179.20    1271295.653
   179.30    1271458.920
   179.40    1271622.202
   179.50    1271785.498
   179.60    1271948.807
   179.70    1272112.131
   179.80    1272275.469
   179.90    1272438.820
   180.00    1272602.185
   180.10    1272765.565
   180.20    1272928.958
   180.30    1273092.365
   180.40    1273255.786
   180.50    1273419.221
   180.60    1273582.670
   180.70    1273746.133
   180.80    1273909.610
   180.90    1274073.101
   181.00    1274236.606
   181.10    1274400.125
   181.20    1274563.657
   181.30    1274727.204
   181.40    1274890.765
   181.50    1275054.339
   181.60    1275217.928
   181.70    1275381.530
   181.80    1275545.147
   181.90    1275708.777
   182.00    1275872.422
   182.10    1276036.080
   182.20    1276199.752
   182.30    1276363.439
   182.40    1276527.139
   182.50    1276690.853
   182.60    1276854.581
   182.70    1277018.323
   182.80    1277182.079
   182.90    1277345.849
   183.00    1277509.634
   183.10    1277673.432
   183.20    1277837.244
   183.30    1278001.070
   183.40    1278164.910
   183.50    1278328.763
   183.60    1278492.631
   183.70    1278656.513
   183.80    1278820.409
   183.90    1278984.319
   184.00    1279148.243
   184.10    1279312.181
   184.20    1279476.133
   184.30    1279640.098
   184.40    1279804.078
   184.50    1279968.072
   184.60    1280132.080
   184.70    1280296.102
   184.80    1280460.137
   184.90    1280624.187
   185.00    1280788.251
   185.10    1280952.329
   185.20    1281116.421
   185.30    1281280.526
   185.40    1281444.646
   185.50    1281608.780
   185.60    1281772.928
   185.70    1281937.089
   185.80    1282101.265
   185.90    1282265.455
   186.00    1282429.659
   186.10    1282593.877
   186.20    1282758.109
   186.30    1282922.354
   186.40    1283086.614
   186.50    1283250.888
   186.60    1283415.176
   186.70    1283579.478
   186.80    1283743.794
   186.90    1283908.124
   187.00    1284072.468
   187.10    1284236.826
   187.20    1284401.198
   187.30    1284565.584
   187.40    1284729.984
   187.50    1284894.398
   187.60    1285058.826
   187.70    1285223.268
   187.80    1285387.724
   187.90    1285552.195
   188.00    1285716.679
   188.10    1285881.177
   188.20    1286045.690
   188.30    1286210.216
   188.40    1286374.756
   188.50    1286539.311
   188.60    1286703.879
   188.70    1286868.462
   188.80    1287033.058
   188.90    1287197.669
   189.00    1287362.294
   189.10    1287526.932
   189.20    1287691.585
   189.30    1287856.252
   189.40    1288020.933
   189.50    1288185.627
   189.60    1288350.336
   189.70    1288515.059
   189.80    1288679.796
   189.90    1288844.548
   190.00    1289009.313
   190.10    1289174.092
   190.20    1289338.885
   190.30    1289503.693
   190.40    1289668.514
   190.50    1289833.349
   190.60    1289998.199
   190.70    1290163.063
   190.80    1290327.940
   190.90    1290492.832
   191.00    1290657.738
   191.10    1290822.658
   191.20    1290987.592
   191.30    1291152.540
   191.40    1291317.502
   191.50    1291482.478
   191.60    1291647.468
   191.70    1291812.472
   191.80    1291977.491
   191.90    1292142.523
   192.00    1292307.570
   192.10    1292472.631
   192.20    1292637.705
   192.30    1292802.794
   192.40    1292967.897
   192.50    1293133.014
   192.60    1293298.145
   192.70    1293463.290
   192.80    1293628.449
   192.90    1293793.623
   193.00    1293958.810
   193.10    1294124.012
   193.20    1294289.227
   193.30    1294454.457
   193.40    1294619.701
   193.50    1294784.959
   193.60    1294950.231
   193.70    1295115.517
   193.80    1295280.817
   193.90    1295446.131
   194.00    1295611.460
   194.10    1295776.802
   194.20    1295942.159
   194.30    1296107.530
   194.40    1296272.915
   194.50    1296438.314
   194.60    1296603.727
   194.70    1296769.154
   194.80    1296934.595
   194.90    1297100.051
   195.00    1297265.520
   195.10    1297431.004
   195.20    1297596.502
   195.30    1297762.014
   195.40    1297927.540
   195.50    1298093.080
   195.60    1298258.634
   195.70    1298424.203
   195.80    1298589.785
   195.90    1298755.382
   196.00    1298920.993
   196.10    1299086.617
   196.20    1299252.256
   196.30    1299417.910
   196.40    1299583.577
   196.50    1299749.258
   196.60    1299914.954
   196.70    1300080.664
   196.80    1300246.388
   196.90    1300412.126
   197.00    1300577.878
   197.10    1300743.644
   197.20    1300909.425
   197.30    1301075.219
   197.40    1301241.028
   197.50    1301406.851
   197.60    1301572.688
   197.70    1301738.539
   197.80    1301904.404
   197.90    1302070.284
   198.00    1302236.177
   198.10    1302402.085
   198.20    1302568.007
   198.30    1302733.943
   198.40    1302899.893
   198.50    1303065.858
   198.60    1303231.836
   198.70    1303397.829
   198.80    1303563.836
   198.90    1303729.857
   199.00    1303895.892
   199.10    1304061.942
   199.20    1304228.005
   199.30    1304394.083
   199.40    1304560.175
   199.50    1304726.281
   199.60    1304892.401
   199.70    1305058.536
   199.80    1305224.684
   199.90    1305390.847
   200.00    1305557.024
   200.10    1305723.215
   200.20    1305889.420
   200.30    1306055.640
   200.40    1306221.873
   200.50    1306388.121
   200.60    1306554.383
   200.70    1306720.660
   200.80    1306886.950
   200.90    1307053.255
   201.00    1307219.573
   201.10    1307385.906
   201.20    1307552.254
   201.30    1307718.615
   201.40    1307884.990
   201.50    1308051.380
   201.60    1308217.784
   201.70    1308384.202
   201.80    1308550.635
   201.90    1308717.081
   202.00    1308883.542
   202.10    1309050.017
   202.20    1309216.506
   202.30    1309383.009
   202.40    1309549.527
   202.50    1309716.059
   202.60    1309882.605
   202.70    1310049.165
   202.80    1310215.739
   202.90    1310382.328
   203.00    1310548.931
   203.10    1310715.548
   203.20    1310882.179
   203.30    1311048.825
   203.40    1311215.484
   203.50    1311382.158
   203.60    1311548.846
   203.70    1311715.549
   203.80    1311882.265
   203.90    1312048.996
   204.00    1312215.741
   204.10    1312382.501
   204.20    1312549.274
   204.30    1312716.062
   204.40    1312882.864
   204.50    1313049.680
   204.60    1313216.510
   204.70    1313383.355
   204.80    1313550.214
   204.90    1313717.087
   205.00    1313883.974
   205.10    1314050.876
   205.20    1314217.792
   205.30    1314384.722
   205.40    1314551.666
   205.50    1314718.625
   205.60    1314885.598
   205.70    1315052.585
   205.80    1315219.586
   205.90    1315386.602
   206.00    1315553.631
   206.10    1315720.675
   206.20    1315887.734
   206.30    1316054.806
   206.40    1316221.893
   206.50    1316388.994
   206.60    1316556.110
   206.70    1316723.239
   206.80    1316890.383
   206.90    1317057.541
   207.00    1317224.714
   207.10    1317391.900
   207.20    1317559.101
   207.30    1317726.316
   207.40    1317893.546
   207.50    1318060.790
   207.60    1318228.048
   207.70    1318395.320
   207.80    1318562.606
   207.90    1318729.907
   208.00    1318897.222
   208.10    1319064.552
   208.20    1319231.895
   208.30    1319399.253
   208.40    1319566.625
   208.50    1319734.012
   208.60    1319901.413
   208.70    1320068.828
   208.80    1320236.257
   208.90    1320403.700
   209.00    1320571.158
   209.10    1320738.631
   209.20    1320906.117
   209.30    1321073.618
   209.40    1321241.133
   209.50    1321408.662
   209.60    1321576.206
   209.70    1321743.764
   209.80    1321911.336
   209.90    1322078.922
   210.00    1322246.523
   210.10    1322414.138
   210.20    1322581.768
   210.30    1322749.412
   210.40    1322917.070
   210.50    1323084.742
   210.60    1323252.429
   210.70    1323420.130
   210.80    1323587.845
   210.90    1323755.574
   211.00    1323923.318
   211.10    1324091.077
   211.20    1324258.849
   211.30    1324426.636
   211.40    1324594.437
   211.50    1324762.252
   211.60    1324930.082
   211.70    1325097.926
   211.80    1325265.785
   211.90    1325433.657
   212.00    1325601.545
   212.10    1325769.446
   212.20    1325937.362
   212.30    1326105.292
   212.40    1326273.236
   212.50    1326441.195
   212.60    1326609.168
   212.70    1326777.155
   212.80    1326945.157
   212.90    1327113.173
   213.00    1327281.203
   213.10    1327449.248
   213.20    1327617.307
   213.30    1327785.380
   213.40    1327953.468
   213.50    1328121.570
   213.60    1328289.687
   213.70    1328457.817
   213.80    1328625.962
   213.90    1328794.122
   214.00    1328962.296
   214.10    1329130.484
   214.20    1329298.686
   214.30    1329466.903
   214.40    1329635.134
   214.50    1329803.380
   214.60    1329971.640
   214.70    1330139.914
   214.80    1330308.203
   214.90    1330476.506
   215.00    1330644.823
   215.10    1330813.155
   215.20    1330981.501
   215.30    1331149.861
   215.40    1331318.236
   215.50    1331486.625
   215.60    1331655.029
   215.70    1331823.446
   215.80    1331991.879
   215.90    1332160.325
   216.00    1332328.786
   216.10    1332497.262
   216.20    1332665.751
   216.30    1332834.256
   216.40    1333002.774
   216.50    1333171.307
   216.60    1333339.854
   216.70    1333508.416
   216.80    1333676.992
   216.90    1333845.582
   217.00    1334014.187
   217.10    1334182.806
   217.20    1334351.440
   217.30    1334520.088
   217.40    1334688.750
   217.50    1334857.427
   217.60    1335026.118
   217.70    1335194.824
   217.80    1335363.543
   217.90    1335532.278
   218.00    1335701.027
   218.10    1335869.790
   218.20    1336038.567
   218.30    1336207.359
   218.40    1336376.165
   218.50    1336544.986
   218.60    1336713.821
   218.70    1336882.671
   218.80    1337051.535
   218.90    1337220.413
   219.00    1337389.306
   219.10    1337558.213
   219.20    1337727.134
   219.30    1337896.070
   219.40    1338065.021
   219.50    1338233.986
   219.60    1338402.965
   219.70    1338571.959
   219.80    1338740.967
   219.90    1338909.989
   220.00    1339079.026
   220.10    1339248.077
   220.20    1339417.143
   220.30    1339586.223
   220.40    1339755.318
   220.50    1339924.427
   220.60    1340093.550
   220.70    1340262.688
   220.80    1340431.841
   220.90    1340601.007
   221.00    1340770.188
   221.10    1340939.384
   221.20    1341108.594
   221.30    1341277.819
   221.40    1341447.058
   221.50    1341616.311
   221.60    1341785.579
   221.70    1341954.861
   221.80    1342124.158
   221.90    1342293.469
   222.00    1342462.795
   222.10    1342632.135
   222.20    1342801.489
   222.30    1342970.858
   222.40    1343140.241
   222.50    1343309.639
   222.60    1343479.052
   222.70    1343648.478
   222.80    1343817.920
   222.90    1343987.375
   223.00    1344156.845
   223.10    1344326.330
   223.20    1344495.829
   223.30    1344665.342
   223.40    1344834.870
   223.50    1345004.413
   223.60    1345173.970
   223.70    1345343.541
   223.80    1345513.127
   223.90    1345682.727
   224.00    1345852.342
   224.10    1346021.971
   224.20    1346191.615
   224.30    1346361.273
   224.40    1346530.946
   224.50    1346700.633
   224.60    1346870.335
   224.70    1347040.051
   224.80    1347209.781
   224.90    1347379.526
   225.00    1347549.286
   225.10    1347719.060
   225.20    1347888.849
   225.30    1348058.652
   225.40    1348228.469
   225.50    1348398.301
   225.60    1348568.148
   225.70    1348738.009
   225.80    1348907.884
   225.90    1349077.774
   226.00    1349247.678
   226.10    1349417.597
   226.20    1349587.531
   226.30    1349757.479
   226.40    1349927.441
   226.50    1350097.418
   226.60    1350267.410
   226.70    1350437.416
   226.80    1350607.436
   226.90    1350777.471
   227.00    1350947.520
   227.10    1351117.584
   227.20    1351287.663
   227.30    1351457.756
   227.40    1351627.863
   227.50    1351797.986
   227.60    1351968.122
   227.70    1352138.273
   227.80    1352308.439
   227.90    1352478.619
   228.00    1352648.813
   228.10    1352819.023
   228.20    1352989.246
   228.30    1353159.484
   228.40    1353329.737
   228.50    1353500.004
   228.60    1353670.286
   228.70    1353840.583
   228.80    1354010.893
   228.90    1354181.219
   229.00    1354351.559
   229.10    1354521.913
   229.20    1354692.282
   229.30    1354862.666
   229.40    1355033.064
   229.50    1355203.476
   229.60    1355373.903
   229.70    1355544.345
   229.80    1355714.801
   229.90    1355885.272
   230.00    1356055.757
   230.10    1356226.257
   230.20    1356396.771
   230.30    1356567.300
   230.40    1356737.844
   230.50    1356908.402
   230.60    1357078.974
   230.70    1357249.562
   230.80    1357420.163
   230.90    1357590.780
   231.00    1357761.410
   231.10    1357932.056
   231.20    1358102.716
   231.30    1358273.390
   231.40    1358444.079
   231.50    1358614.783
   231.60    1358785.501
   231.70    1358956.234
   231.80    1359126.981
   231.90    1359297.743
   232.00    1359468.519
   232.10    1359639.310
   232.20    1359810.116
   232.30    1359980.936
   232.40    1360151.771
   232.50    1360322.620
   232.60    1360493.484
   232.70    1360664.363
   232.80    1360835.256
   232.90    1361006.163
   233.00    1361177.086
   233.10    1361348.022
   233.20    1361518.974
   233.30    1361689.940
   233.40    1361860.920
   233.50    1362031.915
   233.60    1362202.925
   233.70    1362373.950
   233.80    1362544.988
   233.90    1362716.042
   234.00    1362887.110
   234.10    1363058.193
   234.20    1363229.290
   234.30    1363400.402
   234.40    1363571.529
   234.50    1363742.670
   234.60    1363913.825
   234.70    1364084.996
   234.80    1364256.181
   234.90    1364427.380
   235.00    1364598.594
   235.10    1364769.823
   235.20    1364941.066
   235.30    1365112.324
   235.40    1365283.597
   235.50    1365454.884
   235.60    1365626.186
   235.70    1365797.502
   235.80    1365968.833
   235.90    1366140.179
   236.00    1366311.539
   236.10    1366482.914
   236.20    1366654.304
   236.30    1366825.708
   236.40    1366997.127
   236.50    1367168.560
   236.60    1367340.008
   236.70    1367511.471
   236.80    1367682.948
   236.90    1367854.440
   237.00    1368025.946
   237.10    1368197.467
   237.20    1368369.003
   237.30    1368540.554
   237.40    1368712.119
   237.50    1368883.699
   237.60    1369055.293
   237.70    1369226.902
   237.80    1369398.526
   237.90    1369570.164
   238.00    1369741.817
   238.10    1369913.484
   238.20    1370085.167
   238.30    1370256.863
   238.40    1370428.575
   238.50    1370600.301
   238.60    1370772.042
   238.70    1370943.797
   238.80    1371115.568
   238.90    1371287.352
   239.00    1371459.152
   239.10    1371630.966
   239.20    1371802.795
   239.30    1371974.638
   239.40    1372146.496
   239.50    1372318.369
   239.60    1372490.256
   239.70    1372662.158
   239.80    1372834.075
   239.90    1373006.007
   240.00    1373177.953
   240.10    1373349.913
   240.20    1373521.889
   240.30    1373693.879
   240.40    1373865.884
   240.50    1374037.903
   240.60    1374209.937
   240.70    1374381.986
   240.80    1374554.050
   240.90    1374726.128
   241.00    1374898.221
   241.10    1375070.328
   241.20    1375242.450
   241.30    1375414.587
   241.40    1375586.739
   241.50    1375758.905
   241.60    1375931.086
   241.70    1376103.282
   241.80    1376275.492
   241.90    1376447.717
   242.00    1376619.957
   242.10    1376792.211
   242.20    1376964.481
   242.30    1377136.764
   242.40    1377309.063
   242.50    1377481.376
   242.60    1377653.704
   242.70    1377826.047
   242.80    1377998.404
   242.90    1378170.776
   243.00    1378343.163
   243.10    1378515.564
   243.20    1378687.981
   243.30    1378860.411
   243.40    1379032.857
   243.50    1379205.317
   243.60    1379377.792
   243.70    1379550.282
   243.80    1379722.787
   243.90    1379895.306
   244.00    1380067.840
   244.10    1380240.388
   244.20    1380412.952
   244.30    1380585.530
   244.40    1380758.123
   244.50    1380930.730
   244.60    1381103.352
   244.70    1381275.989
   244.80    1381448.641
   244.90    1381621.307
   245.00    1381793.989
   245.10    1381966.685
   245.20    1382139.395
   245.30    1382312.121
   245.40    1382484.861
   245.50    1382657.616
   245.60    1382830.385
   245.70    1383003.169
   245.80    1383175.969
   245.90    1383348.782
   246.00    1383521.611
   246.10    1383694.454
   246.20    1383867.312
   246.30    1384040.185
   246.40    1384213.073
   246.50    1384385.975
   246.60    1384558.892
   246.70    1384731.824
   246.80    1384904.770
   246.90    1385077.732
   247.00    1385250.708
   247.10    1385423.699
   247.20    1385596.704
   247.30    1385769.725
   247.40    1385942.760
   247.50    1386115.810
   247.60    1386288.874
   247.70    1386461.954
   247.80    1386635.048
   247.90    1386808.157
   248.00    1386981.281
   248.10    1387154.419
   248.20    1387327.572
   248.30    1387500.740
   248.40    1387673.923
   248.50    1387847.121
   248.60    1388020.333
   248.70    1388193.560
   248.80    1388366.802
   248.90    1388540.059
   249.00    1388713.331
   249.10    1388886.617
   249.20    1389059.918
   249.30    1389233.234
   249.40    1389406.564
   249.50    1389579.910
   249.60    1389753.270
   249.70    1389926.645
   249.80    1390100.035
   249.90    1390273.440
   250.00    1390446.859
   250.10    1390620.293
   250.20    1390793.742
   250.30    1390967.206
   250.40    1391140.685
   250.50    1391314.178
   250.60    1391487.686
   250.70    1391661.209
   250.80    1391834.747
   250.90    1392008.300
   251.00    1392181.867
   251.10    1392355.449
   251.20    1392529.046
   251.30    1392702.658
   251.40    1392876.285
   251.50    1393049.926
   251.60    1393223.583
   251.70    1393397.254
   251.80    1393570.940
   251.90    1393744.640
   252.00    1393918.356
   252.10    1394092.086
   252.20    1394265.832
   252.30    1394439.592
   252.40    1394613.366
   252.50    1394787.156
   252.60    1394960.961
   252.70    1395134.780
   252.80    1395308.614
   252.90    1395482.463
   253.00    1395656.327
   253.10    1395830.206
   253.20    1396004.099
   253.30    1396178.008
   253.40    1396351.931
   253.50    1396525.869
   253.60    1396699.822
   253.70    1396873.789
   253.80    1397047.772
   253.90    1397221.769
   254.00    1397395.782
   254.10    1397569.809
   254.20    1397743.851
   254.30    1397917.908
   254.40    1398091.979
   254.50    1398266.066
   254.60    1398440.167
   254.70    1398614.283
   254.80    1398788.414
   254.90    1398962.560
   255.00    1399136.721
   255.10    1399310.897
   255.20    1399485.087
   255.30    1399659.293
   255.40    1399833.513
   255.50    1400007.748
   255.60    1400181.998
   255.70    1400356.263
   255.80    1400530.542
   255.90    1400704.837
   256.00    1400879.146
   256.10    1401053.471
   256.20    1401227.810
   256.30    1401402.164
   256.40    1401576.533
   256.50    1401750.917
   256.60    1401925.315
   256.70    1402099.729
   256.80    1402274.157
   256.90    1402448.601
   257.00    1402623.059
   257.10    1402797.532
   257.20    1402972.020
   257.30    1403146.523
   257.40    1403321.041
   257.50    1403495.573
   257.60    1403670.121
   257.70    1403844.683
   257.80    1404019.261
   257.90    1404193.853
   258.00    1404368.460
   258.10    1404543.082
   258.20    1404717.719
   258.30    1404892.371
   258.40    1405067.038
   258.50    1405241.719
   258.60    1405416.416
   258.70    1405591.127
   258.80    1405765.854
   258.90    1405940.595
   259.00    1406115.351
   259.10    1406290.122
   259.20    1406464.908
   259.30    1406639.709
   259.40    1406814.525
   259.50    1406989.356
   259.60    1407164.201
   259.70    1407339.062
   259.80    1407513.937
   259.90    1407688.828
   260.00    1407863.733
   260.10    1408038.653
   260.20    1408213.588
   260.30    1408388.539
   260.40    1408563.504
   260.50    1408738.484
   260.60    1408913.478
   260.70    1409088.488
   260.80    1409263.513
   260.90    1409438.553
   261.00    1409613.607
   261.10    1409788.677
   261.20    1409963.761
   261.30    1410138.861
   261.40    1410313.975
   261.50    1410489.105
   261.60    1410664.249
   261.70    1410839.408
   261.80    1411014.582
   261.90    1411189.771
   262.00    1411364.975
   262.10    1411540.194
   262.20    1411715.428
   262.30    1411890.677
   262.40    1412065.941
   262.50    1412241.220
   262.60    1412416.514
   262.70    1412591.822
   262.80    1412767.146
   262.90    1412942.485
   263.00    1413117.838
   263.10    1413293.207
   263.20    1413468.590
   263.30    1413643.989
   263.40    1413819.402
   263.50    1413994.831
   263.60    1414170.274
   263.70    1414345.732
   263.80    1414521.206
   263.90    1414696.694
   264.00    1414872.197
   264.10    1415047.716
   264.20    1415223.249
   264.30    1415398.797
   264.40    1415574.360
   264.50    1415749.938
   264.60    1415925.531
   264.70    1416101.140
   264.80    1416276.763
   264.90    1416452.401
   265.00    1416628.054
   265.10    1416803.722
   265.20    1416979.405
   265.30    1417155.103
   265.40    1417330.816
   265.50    1417506.544
   265.60    1417682.287
   265.70    1417858.045
   265.80    1418033.818
   265.90    1418209.606
   266.00    1418385.409
   266.10    1418561.227
   266.20    1418737.060
   266.30    1418912.908
   266.40    1419088.771
   266.50    1419264.649
   266.60    1419440.542
   266.70    1419616.450
   266.80    1419792.373
   266.90    1419968.311
   267.00    1420144.264
   267.10    1420320.232
   267.20    1420496.215
   267.30    1420672.214
   267.40    1420848.227
   267.50    1421024.255
   267.60    1421200.298
   267.70    1421376.356
   267.80    1421552.429
   267.90    1421728.518
   268.00    1421904.621
   268.10    1422080.739
   268.20    1422256.872
   268.30    1422433.021
   268.40    1422609.184
   268.50    1422785.362
   268.60    1422961.556
   268.70    1423137.764
   268.80    1423313.988
   268.90    1423490.226
   269.00    1423666.480
   269.10    1423842.748
   269.20    1424019.032
   269.30    1424195.331
   269.40    1424371.645
   269.50    1424547.973
   269.60    1424724.317
   269.70    1424900.676
   269.80    1425077.050
   269.90    1425253.439
   270.00    1425429.843
   270.10    1425606.262
   270.20    1425782.696
   270.30    1425959.145
   270.40    1426135.609
   270.50    1426312.089
   270.60    1426488.583
   270.70    1426665.092
   270.80    1426841.617
   270.90    1427018.156
   271.00    1427194.711
   271.10    1427371.281
   271.20    1427547.865
   271.30    1427724.465
   271.40    1427901.080
   271.50    1428077.710
   271.60    1428254.355
   271.70    1428431.015
   271.80    1428607.690
   271.90    1428784.380
   272.00    1428961.085
   272.10    1429137.806
   272.20    1429314.541
   272.30    1429491.292
   272.40    1429668.057
   272.50    1429844.838
   272.60    1430021.634
   272.70    1430198.445
   272.80    1430375.270
   272.90    1430552.111
   273.00    1430728.968
   273.10    1430905.839
   273.20    1431082.725
   273.30    1431259.626
   273.40    1431436.543
   273.50    1431613.474
   273.60    1431790.421
   273.70    1431967.383
   273.80    1432144.360
   273.90    1432321.352
   274.00    1432498.359
   274.10    1432675.381
   274.20    1432852.418
   274.30    1433029.471
   274.40    1433206.538
   274.50    1433383.621
   274.60    1433560.718
   274.70    1433737.831
   274.80    1433914.959
   274.90    1434092.102
   275.00    1434269.260
   275.10    1434446.434
   275.20    1434623.622
   275.30    1434800.825
   275.40    1434978.044
   275.50    1435155.278
   275.60    1435332.527
   275.70    1435509.791
   275.80    1435687.070
   275.90    1435864.364
   276.00    1436041.673
   276.10    1436218.998
   276.20    1436396.337
   276.30    1436573.692
   276.40    1436751.062
   276.50    1436928.447
   276.60    1437105.847
   276.70    1437283.263
   276.80    1437460.693
   276.90    1437638.139
   277.00    1437815.599
   277.10    1437993.075
   277.20    1438170.566
   277.30    1438348.072
   277.40    1438525.593
   277.50    1438703.130
   277.60    1438880.681
   277.70    1439058.248
   277.80    1439235.830
   277.90    1439413.427
   278.00    1439591.039
   278.10    1439768.667
   278.20    1439946.309
   278.30    1440123.967
   278.40    1440301.640
   278.50    1440479.328
   278.60    1440657.031
   278.70    1440834.749
   278.80    1441012.482
   278.90    1441190.231
   279.00    1441367.995
   279.10    1441545.774
   279.20    1441723.568
   279.30    1441901.377
   279.40    1442079.202
   279.50    1442257.041
   279.60    1442434.896
   279.70    1442612.766
   279.80    1442790.651
   279.90    1442968.552
   280.00    1443146.467
   280.10    1443324.398
   280.20    1443502.344
   280.30    1443680.305
   280.40    1443858.281
   280.50    1444036.272
   280.60    1444214.279
   280.70    1444392.301
   280.80    1444570.338
   280.90    1444748.390
   281.00    1444926.457
   281.10    1445104.540
   281.20    1445282.638
   281.30    1445460.751
   281.40    1445638.879
   281.50    1445817.022
   281.60    1445995.181
   281.70    1446173.354
   281.80    1446351.543
   281.90    1446529.748
   282.00    1446707.967
   282.10    1446886.201
   282.20    1447064.451
   282.30    1447242.716
   282.40    1447420.996
   282.50    1447599.292
   282.60    1447777.602
   282.70    1447955.928
   282.80    1448134.269
   282.90    1448312.626
   283.00    1448490.997
   283.10    1448669.384
   283.20    1448847.786
   283.30    1449026.203
   283.40    1449204.635
   283.50    1449383.083
   283.60    1449561.546
   283.70    1449740.024
   283.80    1449918.517
   283.90    1450097.026
   284.00    1450275.549
   284.10    1450454.088
   284.20    1450632.642
   284.30    1450811.212
   284.40    1450989.797
   284.50    1451168.396
   284.60    1451347.012
   284.70    1451525.642
   284.80    1451704.288
   284.90    1451882.948
   285.00    1452061.625
   285.10    1452240.316
   285.20    1452419.023
   285.30    1452597.744
   285.40    1452776.482
   285.50    1452955.234
   285.60    1453134.002
   285.70    1453312.784
   285.80    1453491.582
   285.90    1453670.396
   286.00    1453849.224
   286.10    1454028.068
   286.20    1454206.928
   286.30    1454385.802
   286.40    1454564.692
   286.50    1454743.597
   286.60    1454922.517
   286.70    1455101.452
   286.80    1455280.403
   286.90    1455459.369
   287.00    1455638.350
   287.10    1455817.347
   287.20    1455996.359
   287.30    1456175.386
   287.40    1456354.428
   287.50    1456533.486
   287.60    1456712.559
   287.70    1456891.647
   287.80    1457070.750
   287.90    1457249.869
   288.00    1457429.003
   288.10    1457608.152
   288.20    1457787.317
   288.30    1457966.497
   288.40    1458145.692
   288.50    1458324.903
   288.60    1458504.128
   288.70    1458683.369
   288.80    1458862.626
   288.90    1459041.897
   289.00    1459221.184
   289.10    1459400.487
   289.20    1459579.804
   289.30    1459759.137
   289.40    1459938.485
   289.50    1460117.849
   289.60    1460297.227
   289.70    1460476.621
   289.80    1460656.031
   289.90    1460835.455
   290.00    1461014.895
   290.10    1461194.351
   290.20    1461373.821
   290.30    1461553.307
   290.40    1461732.808
   290.50    1461912.325
   290.60    1462091.857
   290.70    1462271.404
   290.80    1462450.966
   290.90    1462630.544
   291.00    1462810.137
   291.10    1462989.746
   291.20    1463169.370
   291.30    1463349.009
   291.40    1463528.663
   291.50    1463708.333
   291.60    1463888.018
   291.70    1464067.718
   291.80    1464247.434
   291.90    1464427.165
   292.00    1464606.912
   292.10    1464786.673
   292.20    1464966.451
   292.30    1465146.243
   292.40    1465326.051
   292.50    1465505.874
   292.60    1465685.712
   292.70    1465865.566
   292.80    1466045.435
   292.90    1466225.320
   293.00    1466405.220
   293.10    1466585.135
   293.20    1466765.066
   293.30    1466945.011
   293.40    1467124.973
   293.50    1467304.949
   293.60    1467484.941
   293.70    1467664.949
   293.80    1467844.971
   293.90    1468025.009
   294.00    1468205.063
   294.10    1468385.132
   294.20    1468565.216
   294.30    1468745.315
   294.40    1468925.430
   294.50    1469105.560
   294.60    1469285.706
   294.70    1469465.867
   294.80    1469646.043
   294.90    1469826.235
   295.00    1470006.442
   295.10    1470186.664
   295.20    1470366.902
   295.30    1470547.156
   295.40    1470727.424
   295.50    1470907.708
   295.60    1471088.008
   295.70    1471268.322
   295.80    1471448.652
   295.90    1471628.998
   296.00    1471809.359
   296.10    1471989.735
   296.20    1472170.127
   296.30    1472350.534
   296.40    1472530.956
   296.50    1472711.394
   296.60    1472891.848
   296.70    1473072.316
   296.80    1473252.800
   296.90    1473433.300
   297.00    1473613.815
   297.10    1473794.345
   297.20    1473974.891
   297.30    1474155.452
   297.40    1474336.028
   297.50    1474516.620
   297.60    1474697.227
   297.70    1474877.850
   297.80    1475058.488
   297.90    1475239.142
   298.00    1475419.811
   298.10    1475600.495
   298.20    1475781.195
   298.30    1475961.910
   298.40    1476142.641
   298.50    1476323.387
   298.60    1476504.148
   298.70    1476684.925
   298.80    1476865.717
   298.90    1477046.525
   299.00    1477227.348
   299.10    1477408.187
   299.20    1477589.041
   299.30    1477769.910
   299.40    1477950.795
   299.50    1478131.695
   299.60    1478312.611
   299.70    1478493.542
   299.80    1478674.489
   299.90    1478855.451
   300.00    1479036.428
   300.10    1479217.421
   300.20    1479398.430
   300.30    1479579.454
   300.40    1479760.493
   300.50    1479941.548
   300.60    1480122.618
   300.70    1480303.703
   300.80    1480484.804
   300.90    1480665.921
   301.00    1480847.053
   301.10    1481028.200
   301.20    1481209.363
   301.30    1481390.542
   301.40    1481571.735
   301.50    1481752.945
   301.60    1481934.169
   301.70    1482115.409
   301.80    1482296.665
   301.90    1482477.936
   302.00    1482659.223
   302.10    1482840.525
   302.20    1483021.842
   302.30    1483203.175
   302.40    1483384.524
   302.50    1483565.888
   302.60    1483747.267
   302.70    1483928.662
   302.80    1484110.072
   302.90    1484291.498
   303.00    1484472.940
   303.10    1484654.396
   303.20    1484835.869
   303.30    1485017.356
   303.40    1485198.860
   303.50    1485380.378
   303.60    1485561.913
   303.70    1485743.462
   303.80    1485925.028
   303.90    1486106.608
   304.00    1486288.204
   304.10    1486469.816
   304.20    1486651.443
   304.30    1486833.086
   304.40    1487014.744
   304.50    1487196.418
   304.60    1487378.107
   304.70    1487559.812
   304.80    1487741.532
   304.90    1487923.268
   305.00    1488105.019
   305.10    1488286.785
   305.20    1488468.568
   305.30    1488650.365
   305.40    1488832.179
   305.50    1489014.007
   305.60    1489195.852
   305.70    1489377.711
   305.80    1489559.587
   305.90    1489741.477
   306.00    1489923.384
   306.10    1490105.306
   306.20    1490287.243
   306.30    1490469.196
   306.40    1490651.164
   306.50    1490833.148
   306.60    1491015.148
   306.70    1491197.163
   306.80    1491379.193
   306.90    1491561.239
   307.00    1491743.301
   307.10    1491925.378
   307.20    1492107.471
   307.30    1492289.579
   307.40    1492471.703
   307.50    1492653.842
   307.60    1492835.997
   307.70    1493018.167
   307.80    1493200.353
   307.90    1493382.555
   308.00    1493564.772
   308.10    1493747.004
   308.20    1493929.252
   308.30    1494111.516
   308.40    1494293.795
   308.50    1494476.090
   308.60    1494658.400
   308.70    1494840.726
   308.80    1495023.067
   308.90    1495205.424
   309.00    1495387.797
   309.10    1495570.185
   309.20    1495752.589
   309.30    1495935.008
   309.40    1496117.443
   309.50    1496299.893
   309.60    1496482.359
   309.70    1496664.840
   309.80    1496847.337
   309.90    1497029.850
   310.00    1497212.378
   310.10    1497394.922
   310.20    1497577.481
   310.30    1497760.056
   310.40    1497942.647
   310.50    1498125.253
   310.60    1498307.874
   310.70    1498490.512
   310.80    1498673.164
   310.90    1498855.833
   311.00    1499038.517
   311.10    1499221.216
   311.20    1499403.932
   311.30    1499586.662
   311.40    1499769.409
   311.50    1499952.171
   311.60    1500134.948
   311.70    1500317.741
   311.80    1500500.550
   311.90    1500683.374
   312.00    1500866.214
   312.10    1501049.070
   312.20    1501231.941
   312.30    1501414.828
   312.40    1501597.730
   312.50    1501780.648
   312.60    1501963.582
   312.70    1502146.531
   312.80    1502329.495
   312.90    1502512.476
   313.00    1502695.472
   313.10    1502878.483
   313.20    1503061.511
   313.30    1503244.554
   313.40    1503427.612
   313.50    1503610.686
   313.60    1503793.776
   313.70    1503976.881
   313.80    1504160.002
   313.90    1504343.139
   314.00    1504526.291
   314.10    1504709.459
   314.20    1504892.642
   314.30    1505075.841
   314.40    1505259.056
   314.50    1505442.286
   314.60    1505625.532
   314.70    1505808.794
   314.80    1505992.071
   314.90    1506175.364
   315.00    1506358.672
   315.10    1506541.996
   315.20    1506725.336
   315.30    1506908.692
   315.40    1507092.063
   315.50    1507275.450
   315.60    1507458.852
   315.70    1507642.270
   315.80    1507825.704
   315.90    1508009.153
   316.00    1508192.618
   316.10    1508376.099
   316.20    1508559.595
   316.30    1508743.107
   316.40    1508926.634
   316.50    1509110.178
   316.60    1509293.737
   316.70    1509477.311
   316.80    1509660.901
   316.90    1509844.507
   317.00    1510028.129
   317.10    1510211.766
   317.20    1510395.419
   317.30    1510579.088
   317.40    1510762.772
   317.50    1510946.472
   317.60    1511130.188
   317.70    1511313.919
   317.80    1511497.666
   317.90    1511681.428
   318.00    1511865.207
   318.10    1512049.001
   318.20    1512232.810
   318.30    1512416.636
   318.40    1512600.477
   318.50    1512784.334
   318.60    1512968.206
   318.70    1513152.094
   318.80    1513335.998
   318.90    1513519.917
   319.00    1513703.853
   319.10    1513887.803
   319.20    1514071.770
   319.30    1514255.752
   319.40    1514439.750
   319.50    1514623.764
   319.60    1514807.793
   319.70    1514991.838
   319.80    1515175.899
   319.90    1515359.976
   320.00    1515544.068
   320.10    1515728.176
   320.20    1515912.299
   320.30    1516096.439
   320.40    1516280.594
   320.50    1516464.764
   320.60    1516648.951
   320.70    1516833.153
   320.80    1517017.371
   320.90    1517201.604
   321.00    1517385.854
   321.10    1517570.119
   321.20    1517754.399
   321.30    1517938.696
   321.40    1518123.008
   321.50    1518307.336
   321.60    1518491.680
   321.70    1518676.039
   321.80    1518860.414
   321.90    1519044.805
   322.00    1519229.212
   322.10    1519413.634
   322.20    1519598.072
   322.30    1519782.526
   322.40    1519966.995
   322.50    1520151.481
   322.60    1520335.982
   322.70    1520520.498
   322.80    1520705.031
   322.90    1520889.579
   323.00    1521074.143
   323.10    1521258.723
   323.20    1521443.318
   323.30    1521627.929
   323.40    1521812.556
   323.50    1521997.199
   323.60    1522181.858
   323.70    1522366.532
   323.80    1522551.222
   323.90    1522735.928
   324.00    1522920.649
   324.10    1523105.386
   324.20    1523290.140
   324.30    1523474.908
   324.40    1523659.693
   324.50    1523844.493
   324.60    1524029.309
   324.70    1524214.141
   324.80    1524398.989
   324.90    1524583.852
   325.00    1524768.731
   325.10    1524953.626
   325.20    1525138.537
   325.30    1525323.464
   325.40    1525508.406
   325.50    1525693.364
   325.60    1525878.338
   325.70    1526063.328
   325.80    1526248.333
   325.90    1526433.354
   326.00    1526618.391
   326.10    1526803.444
   326.20    1526988.513
   326.30    1527173.597
   326.40    1527358.697
   326.50    1527543.813
   326.60    1527728.945
   326.70    1527914.092
   326.80    1528099.256
   326.90    1528284.435
   327.00    1528469.630
   327.10    1528654.840
   327.20    1528840.067
   327.30    1529025.309
   327.40    1529210.567
   327.50    1529395.841
   327.60    1529581.131
   327.70    1529766.437
   327.80    1529951.758
   327.90    1530137.095
   328.00    1530322.448
   328.10    1530507.817
   328.20    1530693.202
   328.30    1530878.602
   328.40    1531064.019
   328.50    1531249.451
   328.60    1531434.899
   328.70    1531620.362
   328.80    1531805.842
   328.90    1531991.337
   329.00    1532176.849
   329.10    1532362.376
   329.20    1532547.918
   329.30    1532733.477
   329.40    1532919.052
   329.50    1533104.642
   329.60    1533290.248
   329.70    1533475.870
   329.80    1533661.508
   329.90    1533847.162
   330.00    1534032.832
   330.10    1534218.517
   330.20    1534404.218
   330.30    1534589.935
   330.40    1534775.668
   330.50    1534961.417
   330.60    1535147.182
   330.70    1535332.962
   330.80    1535518.758
   330.90    1535704.571
   331.00    1535890.399
   331.10    1536076.243
   331.20    1536262.102
   331.30    1536447.978
   331.40    1536633.869
   331.50    1536819.777
   331.60    1537005.700
   331.70    1537191.639
   331.80    1537377.594
   331.90    1537563.565
   332.00    1537749.551
   332.10    1537935.554
   332.20    1538121.572
   332.30    1538307.607
   332.40    1538493.657
   332.50    1538679.723
   332.60    1538865.805
   332.70    1539051.902
   332.80    1539238.016
   332.90    1539424.146
   333.00    1539610.291
   333.10    1539796.452
   333.20    1539982.630
   333.30    1540168.823
   333.40    1540355.032
   333.50    1540541.256
   333.60    1540727.497
   333.70    1540913.754
   333.80    1541100.026
   333.90    1541286.315
   334.00    1541472.619
   334.10    1541658.939
   334.20    1541845.275
   334.30    1542031.627
   334.40    1542217.995
   334.50    1542404.379
   334.60    1542590.779
   334.70    1542777.194
   334.80    1542963.626
   334.90    1543150.073
   335.00    1543336.536
   335.10    1543523.016
   335.20    1543709.511
   335.30    1543896.022
   335.40    1544082.549
   335.50    1544269.092
   335.60    1544455.650
   335.70    1544642.225
   335.80    1544828.816
   335.90    1545015.422
   336.00    1545202.045
   336.10    1545388.683
   336.20    1545575.338
   336.30    1545762.008
   336.40    1545948.694
   336.50    1546135.396
   336.60    1546322.114
   336.70    1546508.848
   336.80    1546695.598
   336.90    1546882.364
   337.00    1547069.146
   337.10    1547255.943
   337.20    1547442.757
   337.30    1547629.587
   337.40    1547816.432
   337.50    1548003.294
   337.60    1548190.171
   337.70    1548377.064
   337.80    1548563.974
   337.90    1548750.899
   338.00    1548937.840
   338.10    1549124.797
   338.20    1549311.770
   338.30    1549498.759
   338.40    1549685.764
   338.50    1549872.785
   338.60    1550059.822
   338.70    1550246.875
   338.80    1550433.944
   338.90    1550621.029
   339.00    1550808.130
   339.10    1550995.246
   339.20    1551182.379
   339.30    1551369.528
   339.40    1551556.692
   339.50    1551743.873
   339.60    1551931.069
   339.70    1552118.282
   339.80    1552305.510
   339.90    1552492.755
   340.00    1552680.015
   340.10    1552867.292
   340.20    1553054.584
   340.30    1553241.893
   340.40    1553429.217
   340.50    1553616.557
   340.60    1553803.914
   340.70    1553991.286
   340.80    1554178.674
   340.90    1554366.079
   341.00    1554553.499
   341.10    1554740.935
   341.20    1554928.388
   341.30    1555115.856
   341.40    1555303.340
   341.50    1555490.841
   341.60    1555678.357
   341.70    1555865.889
   341.80    1556053.437
   341.90    1556241.002
   342.00    1556428.582
   342.10    1556616.178
   342.20    1556803.790
   342.30    1556991.419
   342.40    1557179.063
   342.50    1557366.723
   342.60    1557554.400
   342.70    1557742.092
   342.80    1557929.800
   342.90    1558117.525
   343.00    1558305.265
   343.10    1558493.022
   343.20    1558680.794
   343.30    1558868.582
   343.40    1559056.387
   343.50    1559244.207
   343.60    1559432.044
   343.70    1559619.897
   343.80    1559807.765
   343.90    1559995.650
   344.00    1560183.550
   344.10    1560371.467
   344.20    1560559.400
   344.30    1560747.348
   344.40    1560935.313
   344.50    1561123.294
   344.60    1561311.291
   344.70    1561499.304
   344.80    1561687.333
   344.90    1561875.378
   345.00    1562063.439
   345.10    1562251.516
   345.20    1562439.609
   345.30    1562627.718
   345.40    1562815.843
   345.50    1563003.985
   345.60    1563192.142
   345.70    1563380.315
   345.80    1563568.505
   345.90    1563756.710
   346.00    1563944.932
   346.10    1564133.169
   346.20    1564321.423
   346.30    1564509.693
   346.40    1564697.978
   346.50    1564886.280
   346.60    1565074.598
   346.70    1565262.932
   346.80    1565451.282
   346.90    1565639.648
   347.00    1565828.031
   347.10    1566016.429
   347.20    1566204.843
   347.30    1566393.274
   347.40    1566581.720
   347.50    1566770.183
   347.60    1566958.661
   347.70    1567147.156
   347.80    1567335.667
   347.90    1567524.194
   348.00    1567712.737
   348.10    1567901.296
   348.20    1568089.871
   348.30    1568278.462
   348.40    1568467.070
   348.50    1568655.693
   348.60    1568844.333
   348.70    1569032.988
   348.80    1569221.660
   348.90    1569410.348
   349.00    1569599.052
   349.10    1569787.772
   349.20    1569976.508
   349.30    1570165.260
   349.40    1570354.029
   349.50    1570542.813
   349.60    1570731.614
   349.70    1570920.430
   349.80    1571109.263
   349.90    1571298.112
   350.00    1571486.977
   350.10    1571675.858
   350.20    1571864.755
   350.30    1572053.669
   350.40    1572242.598
   350.50    1572431.544
   350.60    1572620.505
   350.70    1572809.483
   350.80    1572998.477
   350.90    1573187.487
   351.00    1573376.513
   351.10    1573565.556
   351.20    1573754.614
   351.30    1573943.689
   351.40    1574132.780
   351.50    1574321.886
   351.60    1574511.009
   351.70    1574700.149
   351.80    1574889.304
   351.90    1575078.475
   352.00    1575267.663
   352.10    1575456.866
   352.20    1575646.086
   352.30    1575835.322
   352.40    1576024.574
   352.50    1576213.843
   352.60    1576403.127
   352.70    1576592.428
   352.80    1576781.744
   352.90    1576971.077
   353.00    1577160.426
   353.10    1577349.792
   353.20    1577539.173
   353.30    1577728.570
   353.40    1577917.984
   353.50    1578107.414
   353.60    1578296.860
   353.70    1578486.322
   353.80    1578675.800
   353.90    1578865.295
   354.00    1579054.805
   354.10    1579244.332
   354.20    1579433.875
   354.30    1579623.434
   354.40    1579813.010
   354.50    1580002.601
   354.60    1580192.209
   354.70    1580381.833
   354.80    1580571.473
   354.90    1580761.129
   355.00    1580950.802
   355.10    1581140.490
   355.20    1581330.195
   355.30    1581519.916
   355.40    1581709.653
   355.50    1581899.406
   355.60    1582089.176
   355.70    1582278.962
   355.80    1582468.764
   355.90    1582658.582
   356.00    1582848.416
   356.10    1583038.267
   356.20    1583228.133
   356.30    1583418.016
   356.40    1583607.915
   356.50    1583797.831
   356.60    1583987.762
   356.70    1584177.710
   356.80    1584367.674
   356.90    1584557.654
   357.00    1584747.650
   357.10    1584937.663
   357.20    1585127.692
   357.30    1585317.737
   357.40    1585507.798
   357.50    1585697.875
   357.60    1585887.969
   357.70    1586078.079
   357.80    1586268.205
   357.90    1586458.347
   358.00    1586648.506
   358.10    1586838.680
   358.20    1587028.871
   358.30    1587219.078
   358.40    1587409.302
   358.50    1587599.542
   358.60    1587789.797
   358.70    1587980.070
   358.80    1588170.358
   358.90    1588360.662
   359.00    1588550.983
   359.10    1588741.320
   359.20    1588931.674
   359.30    1589122.043
   359.40    1589312.429
   359.50    1589502.831
   359.60    1589693.249
   359.70    1589883.684
   359.80    1590074.135
   359.90    1590264.602
   360.00    1590455.085
   360.10    1590645.585
   360.20    1590836.100
   360.30    1591026.632
   360.40    1591217.181
   360.50    1591407.745
   360.60    1591598.326
   360.70    1591788.923
   360.80    1591979.536
   360.90    1592170.166
   361.00    1592360.812
   361.10    1592551.474
   361.20    1592742.152
   361.30    1592932.847
   361.40    1593123.558
   361.50    1593314.285
   361.60    1593505.029
   361.70    1593695.789
   361.80    1593886.565
   361.90    1594077.357
   362.00    1594268.165
   362.10    1594458.990
   362.20    1594649.832
   362.30    1594840.689
   362.40    1595031.563
   362.50    1595222.453
   362.60    1595413.359
   362.70    1595604.282
   362.80    1595795.220
   362.90    1595986.176
   363.00    1596177.147
   363.10    1596368.135
   363.20    1596559.139
   363.30    1596750.159
   363.40    1596941.196
   363.50    1597132.249
   363.60    1597323.318
   363.70    1597514.404
   363.80    1597705.506
   363.90    1597896.624
   364.00    1598087.758
   364.10    1598278.909
   364.20    1598470.076
   364.30    1598661.259
   364.40    1598852.459
   364.50    1599043.675
   364.60    1599234.907
   364.70    1599426.156
   364.80    1599617.421
   364.90    1599808.702
   365.00    1600000.000
